STARTING ENGINE
14 2,185
106 17,703
388 26,066
25 9,863
8 5,630
11 2,122
0 762
31 5,776
100 9,220
0 2,264
1 304
0 5,435
0 6,631
983 161,310
1 149
42 1,554
4 375
0 48
3 292
3 310
78 10,915
5 267
2 315
103 37,036
85 5,516
46 5,220
179 130,238
18 6,558
0 6,304
5 53
2 105
3 167
25 2,290
3 202
26 862
1 123
1 197
- -
96 8,150
1 127
- -
1 102
2 87
17 1,255
5 99
5 291
1 116
5 459
5 390
7,266 583,089
0 48
0 44
0 82
0 65
9 1,040
1 70
16 1,468
3 444
6 471
13 1,871
38 6,939
12 669
0 89
2 220
0 71
2 414
67 9,338
0 104
0 71
12 1,219
0 873
3 5,280
1 44
0 25
9 3,320
4 231
0 50
0 78
0 65
0 59
1 107
0 62
0 73
2 173
0 64
1 97
2 142
6 184
0 95
0 48
0 176
0 118
227 46,623
0 792
59 28,549
0 41
63 7,534
5 199
170 25,396
28 1,978
11 461
28 745
1 146
0 82
3 233
1 247
5 237
16 718
5 648
2 144
5 414
17 944
0 103
4 201
12 1,085
176 55,765
8 6,686
3 4,435
17 9,602
7 98
18 821
34 595
24 894
28 2,419
602 122,487
0 113
3 234
12 701
4 344
0 97
37 1,264
0 159
2 404
0 126
14 649
2 757
10 637
28 2,423
2 369
43 70,116
81 98,487
1 51,649
0 12,943
1 75
1,098 51,584
3,648 373,671
9,606 1,013,990
0 13
0 45
4 150
1,821 153,207
2 156
5,394 271,561
0 53
32 2,005
13 579
98 3,361
3,948 312,769
2,906 135,347
7 323
1,751 108,302
3 491
892 41,200
15 9,677
0 4,881
1 36
4 374
6 550
61 4,565
2 155
15 878
8 514
1 196
25 1,694
5 446
14 825
3 296
23 962
0 58
15 852
21 1,758
2 140
1 123
0 132
0 78
7 3,750
656 182,795
20 11,959
0 2,941
1 11,114
263 5,041
52 1,495
110 2,618
1 49
1 18
7 209
196 4,949
10 141
1 30
7 695
75 4,218
4 214
2 95
1 1,016
40 2,991
1 20
1 87
5 106
165 2,998
0 37
524 111,761
8 6,587
23 2,451
2 421
4 125
2 177
1 116
1 149
2 100
2 682
17 530
127 27,895
0 71
1 106
2 118
15 668
3 183
0 140
33 3,282
544 70,430
0 123
7 629
5,174 186,710
5,109 164,133
97 22,867
107 15,282
1,319 35,196
4 174
5 147
1 73
0 105
153 15,157
0 195
74 9,934
57 590
2,566 157,351
4 50
1 27
175 1,709
1 45
369 44,834
0 24
0 15
86 2,078
0 27
0 29
14 864
0 35
0 34
111 2,204
1,055 43,343
20 350
19 235
50 1,414
3 109
1 166
8 246
8 883
2 6,064
1,341 42,295
4,503 114,739
9,374 281,593
756 44,188
6,506 185,846
686 44,355
2,657 66,693
13 609
10,002 305,710
12 858
0 6,987
4 65
8 1,317
0 41
4 205
0 29
22 1,098
1,243 29,098
78 5,631
7 283
4 109
1 55
0 90
0 61
0 63
0 66
0 55
0 78
1 93
2 88
1 73
0 653
1 60
9,895 356,991
75 5,324
0 27
8 1,041
3 583
3 132
12 1,280
0 93
1 98
0 98
0 59
0 102
0 130
19 1,495
4 260
69 4,553
5 341
4 515
4 285
302 64,001
13 672
0 37
5 816
2 158
4 494
2 39
21 1,824
18 1,777
14 913
77 6,768
12 1,239
3 439
6 765
6 1,048
4 567
25 1,188
0 104
4 188
0 114
17 1,893
0 819
2 1,954
0 1,136
0 783
6,428 252,922
8 131
16 296
0 24
1 65
2 106
4 202
1 73
7 208
1 97
0 72
1 154
1 81
177 12,004
5 156
3 226
21 2,382
0 50
1 129
3 186
103 16,597
85 9,659
41 17,044
1 1,769
19 4,627
1 3
49 521
5 108
107 2,430
36 717
5 92
34 518
20 418
7 259
863 63,881
193 7,049
49 693
93 2,499
17 661
31 858
10 288
1,403 53,180
9 208
75 3,484
16 491
0 212
18 1,347
3 142
191 15,187
0 3
1 119
221 15,799
1 101
1,432 163,520
0 25
0 71
0 88
0 62
15 746
0 112
0 85
0 90
34 3,376
6 679
1 159
0 138
4 16,331
0 32,025
25 512
30 956
22 396
0 6
4 68
33 3,101
8,708 529,036
4 389
41 1,613
969 68,575
3,126 212,478
16 408
3 142
435 59,899
10 302
7 609
1 111
10 230
6,872 461,748
3 149
4 754
4 11,339
0 2,814
5 109
157 7,859
53 2,160
35 749
8 251
138 3,966
0 28
7 165
18 707
12 373
11 452
8 621
353 13,407
207 24,052
2 283
1 154
1 286
88 3,286
9 607
1 222
9 653
952 133,969
558 160,683
644 56,543
8 9,874
0 6,767
22 478
5 92
16 338
1,986 95,568
7 90
0 42
3 104
8 299
1 51
0 71
18 796
4 184
11 496
28 2,444
14 1,412
2 88
0 93
16 580
1 145
77 15,613
1,916 250,237
681 127,545
62 39,922
82 32,916
4 8,154
46 3,397
412 34,093
178 8,231
1,186 143,201
22 3,821
2 114
64 4,442
64 7,661
25 2,007
2,236 221,410
3 203
29 4,057
4 156
443 44,505
22 2,085
5 361
0 120
7 551
3 1,052
0 141
9,220 762,004
1,457 241,014
37 4,754
321 71,889
17 16,939
58 23,881
71 24,870
0 13,951
1 7,420
15 121
40 1,071
57 2,133
37 1,247
25 512
173 10,691
34 758
11 478
3 117
19 421
130 3,360
5 106
1,660 273,476
24 381
855 140,661
12 77
122 5,746
13 330
35 512
200 13,510
41 32,537
500 100,887
0 1,726
1 7,428
13 317
865 117,119
18 340
1 105
6 147
949 200,125
28 3,259
87 3,771
6 244
14 650
7 372
4 306
0 63
6 388
2 168
1 138
2 87
0 57
7 437
3,402 331,553
111 71,513
2 1,484
145 107,303
84 56,421
5,165 680,541
441 62,045
5,763 235,843
20 498
11 324
118 15,492
2 121
2 68
2,691 105,912
3 133
5,467 592,889
1,795 79,218
30 970
2,580 246,923
1,411 220,785
218 17,662
6 575
18 918
55 11,997
- -
116 46,217
184 61,506
34 9,491
0 6,407
0 14
0 30
3 87
190 20,537
3 211
1 112
2 161
10 336
0 86
11 367
1 217
16 1,205
11 1,253
3 170
0 86
1 105
0 87
0 86
1 169
17 759
5 167
2 96
7 1,569
521 99,917
2,582 470,418
8 243
8,854 649,045
6 750
48 3,738
3 402
101 11,113
0 60
21 1,867
3 162
10 566
15 573
0 76
1 115
2 138
4 124
289 166,550
106 83,851
28 9,611
10 11,653
12 16,053
7 10,320
32 22,695
12 15,639
4 6,269
5 12,792
6 164
17 436
37 2,515
6 344
593 55,332
11 333
9 246
570 61,448
204 17,371
152 9,391
227 15,801
347 19,550
0 60
17 744
900 70,640
1 165
18 818
5 236
14 697
0 58
40 20,915
59 35,106
6 210
56 2,676
469 57,712
51 2,650
159 14,643
226 21,586
10 220
165 32,296
6 308
23 652
381 28,394
7 492
424 43,832
11 603
15 1,021
4 268
99 14,368
965 58,831
6 411
41 2,871
1,015 77,542
2 200
14 785
31 3,147
0 61
2 180
27 1,309
4 396
200 32,553
2 216
1 111
5 2,026
37 7,750
2 174
3 235
6 2,396
55 11,253
12 593
4 438
9 2,205
2 530
1 617
1 418
1 505
1 209
2 441
0 209
3 727
15 444
22 518
4 218
64 3,672
19 913
12 497
39 1,266
12 510
63 4,430
7 346
3 112
4 188
0 90
1 239
19 886
37 1,522
1 97
2 214
17 555
1 92
2,375 200,443
242 37,695
249 39,908
110 11,736
53 6,601
258 31,693
140 24,030
51 43,077
47 494
9 229
0 34
9 162
40 663
3,303 207,527
486 13,404
0 30
50 2,068
10 258
4 131
3 45
47 492
10 162
181 3,528
6 215
5 242
34 1,043
19 371
38 508
1,536 123,675
5 56
5,069 239,031
0 23
7 159
3 92
5 353
120 35,497
1 129
6 306
460 85,668
0 151
1 136
4 263
0 72
4 413
0 173
21 948
5 197
4 266
13 189
17 142
9 155
21 194
11 230
9 104
6 105
8 197
23 2,194
2 70
3 616
58 9,025
48 1,648
6 289
6 218
2 93
8 830
3 265
2 126
9 522
568 385,812
4,452 531,831
1,015 178,849
14 448
4 91
824 58,337
4 169
39 1,698
275 33,981
20 1,020
13 626
10 339
2 82
3 188
3 144
6 283
0 50
37 1,581
0 128
22 948
0 70
0 102
0 103
1 43
3 43
7 1,064
65 5,242
39 3,564
89 10,510
40 5,014
3 204
0 34
11 275
3 130
92 13,342
0 137
9 1,151
7 345
0 141
2 450
0 105
67 7,074
2 233
3 131
3 152
1 96
14 493
15 2,307
896 167,125
7 236
4 175
121 13,949
29 4,325
9 350
8 229
0 138
4 205
1 160
1 258
2 220
12 516
3 325
1 236
245 54,767
157 29,039
7,440 308,048
5 102
0 5
3 54
533 75,011
211 34,197
17 517
0 31
3 53
25 9,409
14 637
6 801
627 60,376
0 69
39 5,141
3 227
561 81,109
5 198
0 122
0 100
16 524
2 69
2,335 195,135
4 357
21 927
608 89,678
1,348 116,834
4 153
0 54
28 775
1 68
199 17,443
9 298
4 118
22 1,453
0 115
12 375
39 1,967
12 262
1 156
0 36
0 58
1 92
3 248
0 124
0 195
0 128
0 126
1 512
0 209
0 376
0 320
107 42,452
6,712 1,539,791
91 28,569
29 12,907
2 7,897
4,886 866,895
3,778 208,026
5,056 464,587
7,251 790,326
2 101
2,274 268,403
6,658 752,287
42 2,762
3,308 326,767
5,513 760,642
6 157
6,414 570,876
668 59,568
2,371 177,465
1 166
2,084 171,209
6,194 497,054
990 123,631
1 144
0 41
12 264
89 4,319
5 162,975
75 181,918
15 16
972 7,461
21 22
3 4
12 13
4 5
303 21,966
51 52
14 15
2 3
3 4
6,155 105,240
22 23
10 11
228 6,384
1,962 21,099
9,331 144,401
6,851 178,063
6 136
3 4
- -
0 21,594
0 3,362
0 6,556
0 10,666
1 6,287
0 4,551
0 3,386
0 3,924
0 3,347
0 5,251
0 7,311
0 5,697
0 6,202
0 8,340
2 4,842
2,740 56,022
1,662 33,170
2,716 28,751
1,477 92,183
2,676 112,415
1,003 21,200
7,818 106,649
283 37,539
4,974 86,101
102 5,845
792 49,982
6 45
657 58,995
146 1,709
40 312
13 1,751
423 9,795
425 5,955
39 1,137
2,103 159,989
2 17,854
0 10,006
0 12,651
3 41,155
16 577
9 156
64 931
4 96
0 1
1 66
4 104
8 83
2 52
98 640
11 268
5 73
73 1,588
12 169
7 136
4 55
5 91
28 794
2 54
54 1,466
6,866 73,581
1 50
3 180
98 1,237
751 2,921
747 3,231
20 200
33 192
0 1
10 112
10 158
1 64
18 286
64 597
0 1
15 202
59 640
7 45
7 90
16 228
0 2,083
0 3,115
0 970
0 918
0 770
0 1,416
0 771
0 461
0 674
0 628
0 579
0 1,020
0 846
0 499
0 719
0 572
0 554
0 867
0 622
0 1,165
0 833
169 65,080
1 7,371
0 14,997
0 13,373
71 1,133
236 711
98 1,002
6 52
729 2,804
121 1,669
16 230
150 1,714
2 574
2 16
22 151
31 205
3 59
1 11
41 640
3 21
3 58
21 166
6 108
10 80
38 14,743
313 104,229
5 15,459
6 1,290
0 280
4 541
34 16,174
8 310
1 86
18 697
1 209
12 573
6 1,475
0 83
0 61
0 113
0 73
0 63
0 39
0 63
0 196
32 5,420
0 89
0 87
0 158
0 62
0 99
1 281
0 4,009
3 180
3 104
0 45
0 48
36 1,306
4 364
3 270
0 91
0 231
7 241
0 64
0 101
0 96
0 158
3 255
6 315
0 167
0 46
0 220
0 82
28 16,674
0 11,336
61 779
21 336
854 19,503
184 3,164
1 28
0 1
3 32
16 104
13 88
0 1
140 19,776
6 451
0 1
177 2,301
15 185
1 14
13 150
4 50
19 376
63 857
87 47,936
109 37,596
0 5,196
24 2,818
68 12,944
123 25,396
8 1,038
307 30,511
202 33,945
3 162
0 52
4 283
19 1,052
0 121
11 1,266
3 587
4 378
1 112
1 275
7 366
7 370
2 588
0 102
449 104,866
30 16,253
85 4,581
1 12
4 210
4 122
0 30
2,093 98,528
9 520
0 38
2 124
0 41
2 160
0 43
0 43
1 285
0 44
1 75
15 5,089
0 42
0 61
0 55
1 292
2 255
2,890 268,123
26 663
1,278 176,042
101 6,915
81 6,830
0 63
2,341 98,004
1,499 37,247
17 380
0 68
4 134
3 255
2 167
21 636
2 183
85 6,548
2 162
2 186
7 224
0 1,932
15 1,384
12 602
36 1,400
87 1,350
8 98
68 1,034
3 51
1 38
6 137
8 124
13 150
3 40
39 355
5 37
92 846
52 671
311 6,680
432 9,309
81 4,458
11 117
11 4,727
43 565
150 785
100 1,042
5 59
25 369
5 168
20 270
7 222
24 253
10 114
26 314
16 95
29 307
12 100
18 97
4 60
0 1
210 2,786
31 211
2 3,555
74 9,934
57 590
2,566 157,351
4 50
1 27
175 1,709
1 45
369 44,834
0 24
0 15
86 2,078
0 27
0 29
14 864
0 35
0 34
111 2,204
1,055 43,343
20 350
19 235
50 1,414
4 58
6 369
4 307
6 110
6 161
46 1,015
1 68
221 19,838
4 185
2 73
0 29
0 8
0 8
12 3,830
0 33
5 192
0 46
3 86
9 372
82 1,459
8 182
1 47
4 101
3 245
7 1,772
2 51
2 157
0 38
5 245
1 78
2 105
4 147
20 290
2 68
16 394
5 295
293 14,953
10 335
8 362
0 30
473 76,866
14 9,464
0 12,839
130 1,792
11 163
10 132
22 451
2 1,504
4 141
2 1,671
758 3,635
2,617 51,144
762 5,997
565 3,768
3 1,463
1 150
96 1,855
2 522
854 8,700
3 2,001
38 875
9 2,335
13 182
109 21,343
416 35,625
24 8,413
0 4,808
1,107 28,841
262 15,973
2,752 232,801
4,114 143,529
45 2,451
145 19,413
2 194
1 64
3 79
0 40
2 128
255 31,189
1 137
13 484
2 188
17 670
100 8,667
0 79
8 309
2 171
2 3,918
8 678
0 1
0 1
847 10,703
86 2,134
3 51
7 297
0 1
8 1,870
0 1
0 1
18 129
25 1,045
26 835
590 16,284
0 5
4 80
3 612
17 834
3 78
68 48,180
21 22,775
102 44,804
93 102,377
268 126,908
3 57
96 11,627
0 13
0 28
0 21
0 25
0 11
18 415
0 28
7 301
0 24
0 50
6 126
45 3,304
1 143
1 132
0 102
0 91
1 152
2 98
37 32,515
262 72,337
4 12,678
0 4,609
1 5,730
0 1
2 196
12 327
0 118
4 199
1 142
2 204
1 273
0 76
3 465
0 168
33 2,566
1 382
20 17,984
119 133,129
34 24,701
0 14,230
4 81
5 127
10 731
14 491
0 45
1 85
0 54
4 293
3 394
0 53
880 105,607
1 145
2 230
0 76
0 101
0 78
- -
1 237
1 133
2 626
0 4,714
1 7,495
165 5,709
2 42
0 59
678 49,148
20 1,140
14 930
0 57
- -
1,065 85,348
0 94
172 25,666
- -
322 36,438
17 8,847
229 25,717
0 159
813 101,659
236 23,447
4 135
1 136
0 652
0 1,223
8 227
667 72,766
525 59,722
1 215
6,328 190,670
16 1,024
773 98,395
51 2,650
39 3,606
0 42
0 97
462 57,387
0 34
3 76
0 108
0 52
0 153
4 220
3,020 228,414
65 4,475
0 4,714
1 7,495
165 5,709
2 42
0 59
678 49,148
20 1,140
14 930
0 57
- -
1,065 85,348
0 94
172 25,666
- -
322 36,438
17 8,847
229 25,717
0 159
813 101,659
236 23,447
4 135
1 136
0 1
46 581
49 850
28 228
2 156
7 529
124 7,263
101 3,717
80 1,949
5 206
0 6
13 622
53 3,016
286 18,516
23 264
17 1,783
22 487
0 12
28 298
5 94
102 3,974
222 37,463
1,471 201,727
0 198
1,440 154,040
2 793
1 274
1 1,028
3 902
4 604
2 474
2 517
200 32,553
2 216
1 111
5 2,026
37 7,750
2 174
3 235
6 2,396
55 11,253
12 593
4 438
9 2,205
2 530
1 617
1 418
1 505
1 209
2 441
0 209
3 727
69 47,399
59 34,117
10 10,107
51 2,734
1,520 67,714
2,376 88,331
16 1,023
256 41,287
8 160
56 16,384
50 1,098
1 345
0 109
9 321
0 198
28 804
22 6,133
0 114
24 585
25 792
4 208
6 316
4 94
87 57,653
57 43,776
6 577
2,921 204,273
509 49,794
8,544 797,111
1,906 161,500
6,013 456,778
1,920 61,410
8 408
0 85
3 166
2 140
8 219
92 11,357
1,072 193,533
2,462 197,969
266 29,026
2 140
32 1,882
0 132
5 306
2,073 315,985
0 6,482
6 264
38 3,823
5 208
1,590 157,351
3 349
116 18,087
2 147
22 1,620
30 7,906
0 98
7 732
305 44,432
1 204
1 179
2 264
14 759
5 501
0 1,064
15 83,192
0 2,729
0 4,457
5 21,011
2,042 138,755
269 36,087
3,059 226,618
4,124 328,445
27 1,642
733 73,660
27 1,000
6,654 555,727
16 1,465
47 5,057
0 13
19 3,474
5,141 327,221
7 998
886 59,177
100 7,732
1 188
14 294
117 10,082
10 610
54 235,262
0 11,510
493 22,493
9 212
3 82
400 47,451
1,611 97,245
4,168 345,973
153 15,474
108 8,504
4 149
9 155
3 138
6 357
5 225
633 68,221
0 101
0 81
12 196
45 3,480
8 508
6 512
1 1,163
1 2,994
- -
3 7,171
10 263
13 474
26 5,018
6 168
899 87,739
0 29
1 95
3 1,119
2 136
4 174
1 187
1,604 220,650
1 170
3 237
1,465 229,853
14 2,294
7 637
0 213
14 956
2 325
0 652
0 1,223
8 227
667 72,766
525 59,722
1 215
6,328 190,670
16 1,024
773 98,395
51 2,650
39 3,606
0 42
0 97
462 57,387
0 34
3 76
0 108
0 52
0 153
4 220
3,020 228,414
65 4,475
0 652
0 1,223
8 227
667 72,766
525 59,722
1 215
6,328 190,670
16 1,024
773 98,395
51 2,650
39 3,606
0 42
0 97
462 57,387
0 34
3 76
0 108
0 52
0 153
4 220
3,020 228,414
65 4,475
857 131,637
9,973 725,089
162 29,631
2 5,515
4 9,177
1 2
160 9,255
2,510 187,971
10 489
119 13,131
38 1,143
8,776 2,436,863
31 2,642
152 15,610
4 172
1 54
12 421
7,953 644,365
17 1,637
6,747 1,015,166
1,423 88,549
7 219
486 45,141
514 31,508
371 64,808
8 26,916
706 69,761
52 7,623
889 97,639
15 727
0 36
14 1,801
1,412 129,239
3 691
0 220
0 117
2 328
618 77,367
83 66,984
1,992 126,019
0 65
0 53
5,325 286,992
292 19,435
9 417
0 59
6 1,052
603 46,963
12 823
1 272
0 89
7 840
0 132
1,169 154,369
0 176
31 3,829
21 2,911
40 8,600
160 27,212
13 7,318
2 2,012
2 2,101
0 4,142
0 1,750
1,573 101,115
22 1,515
55 1,866
1,827 121,769
2,735 207,562
34 2,345
1,745 91,381
17 307
7 979
1,159 141,440
177 19,881
9 728
152 18,939
5 243
6 360
8 270
502 33,107
3 131
1 140
0 130
1 19
1,253 59,518
69 9,599
1 64
119 8,244
6 246
0 67
384 39,292
321 12,207
12 694
0 129
5 255
19 899
46 2,493
123 6,621
158 7,317
12 327
106 7,228
55 5,012
3 207
1 1,163
1 2,994
- -
3 7,171
10 263
13 474
26 5,018
6 168
899 87,739
0 29
1 95
3 1,119
2 136
4 174
1 187
1,604 220,650
1 170
3 237
1,465 229,853
14 2,294
7 637
0 213
14 956
2 325
1,172 106,559
1,138 152,300
222 40,926
0 4,467
1,627 74,629
5,167 265,942
8,326 197,937
1 36
6 88
1 27
10 482
2 90
1 87
149 9,034
1,569 124,860
14 460
1 104
64 3,253
4 217
1,550 133,765
10 361
9 360
2,386 113,107
10 365
1 1,163
1 2,994
- -
3 7,171
10 263
13 474
26 5,018
6 168
899 87,739
0 29
1 95
3 1,119
2 136
4 174
1 187
1,604 220,650
1 170
3 237
1,465 229,853
14 2,294
7 637
0 213
14 956
2 325
199 28,866
317 23,768
32 13,177
1,309 240,794
97 72,480
12 2,697
160 70,417
8 3,529
1 7,335
12 649
1 94
18 1,129
29 5,664
1 98
2 169
81 10,457
1 54
0 65
0 88
128 15,851
0 30
2 116
25 1,425
1 116
497 59,727
35 3,908
3 159
0 97
1 155
579 254,068
175 55,780
40 30,167
85 44,494
10 778
45 41,395
22 13,568
37 28,572
1 47
13 590
84 10,892
2 264
39 2,552
978 127,844
0 82
3 206
7 185
0 37
4 405
0 53
18 1,685
3 240
30 2,719
0 171
17 583
1 169
0 84
68 8,358
705 92,192
3,450 212,364
357 55,058
1,932 437,029
408 126,325
9 3,282
45 918
1 102
11 229
16 326
11 338
45 1,469
0 24
11 253
13 298
15 442
10 248
4 128
14 359
123 8,856
16 295
280 12,629
9 200
12 4,241
67 2,960
18 741
178 63,563
50 38,987
0 6,092
3 68
11 301
0 77
1 87
4 202
12 493
11 480
409 140,718
4 250
0 78
7 230
0 76
1 95
1 99
2 99
1 108
27 589
- -
0 121
1 139
8 617
47 2,102
17 1,263
14 14,387
3 8,778
1 23,212
5 114
0 3
13 346
114 10,366
3 74
5 165
47 5,004
7 594
11 647
80 6,239
16 724
0 113
29 748
1,677 129,334
5 277
1 143
6 172
0 125
30 3,372
0 130
26 2,279
737 190,712
18 4,493
10 4,117
14 22,046
17 1,992
6 186
103 7,285
31 755
1 61
4 68
64 2,846
3 167
2 107
887 101,155
2 37
1 68
1 103
12 218
4 141
341 47,576
8 131
1 125
3,978 314,607
1 99
81 17,908
26 17,221
113 32,842
27 21,276
86 39,795
1 5,759
5 248
- -
0 163
0 151
11 1,700
9 373
14 9,218
5 198
2 341
- -
4 342
3 186
4 222
1 248
2 328
- -
51 8,615
16 1,236
39 5,102
51 28,334
19 7,636
136 70,749
6 383
142 25,346
0 52
8 234
4 197
3 125
4 144
4 269
142 19,171
4 472
1 134
0 128
45 7,737
5 860
1 169
43 5,322
32 3,275
34 4,330
21 581
3 368
336 94,306
201 52,267
5 7,891
0 29,860
2,476 206,255
1 80
3 73
6 316
7 188
1 116
6 183
31 2,248
4 131
117 5,279
7 274
2 80
4 324
2 171
2 99
881 102,848
2,220 336,434
23 1,841
8 384
23 4,463
18 793
14 1,363
1 640
0 290
2 7,675
47 29,079
0 15,337
4 115
1 14
4 55
6 111
16 374
0 21
4 100
0 30
10 193
3,525 269,978
0 26
1 83
2 111
2,143 258,166
11 1,067
5 223
32 778
14 336
4 132
1 107
985 89,898
3,926 741,922
2 76
3 355
412 148,404
0 1
10 104
17 275
2,108 17,214
5 84
3,030 121,884
2 3
16 326
56 2,205
14 262
19 584
19 836
6 126
- -
7 176
1,965 54,309
0 88
8 271
38 1,075
1 40
12 1,489
4 156
4 312
6 303
3 399
651 85,951
2 109
4 172
1 105
5 244
6 273
7 4,934
2 181
1 186
6 354
2 138
7 456
18 1,180
5 1,127
3 667
16 2,401
85 13,313
33 5,045
23 2,265
3 1,003
0 71
0 99
1 176
3 212
2 697
11 1,357
6 231
0 671
5 1,439
0 418
3 1,117
2 740
0 598
1 626
3 927
5 1,298
656 154,382
6 20,733
40 6,916
55 12,352
0 1,125
15 2,239
13 3,029
7 1,563
6 1,447
1 726
17 7,260
0 1,313
5 1,292
0 1,170
4 2,883
0 2,447
2 1,540
1 833
3 1,359
0 1,093
2 1,205
7 1,438
8 3,765
482 31,539
68 1,925
1,321 133,040
28 2,326
327 33,120
0 13
1,816 118,198
9 174
14 300
3 130
754 36,775
8 171
4 157
8 1,046
2 166
23 2,539
1 89
11 355
632 67,062
1 126
1 1,163
1 2,994
- -
3 7,171
10 263
13 474
26 5,018
6 168
899 87,739
0 29
1 95
3 1,119
2 136
4 174
1 187
1,604 220,650
1 170
3 237
1,465 229,853
14 2,294
7 637
0 213
14 956
2 325
857 131,637
9,973 725,089
162 29,631
2 5,515
4 9,177
1 2
160 9,255
2,510 187,971
10 489
119 13,131
38 1,143
8,776 2,436,863
31 2,642
152 15,610
4 172
1 54
12 421
7,953 644,365
17 1,637
6,747 1,015,166
1,423 88,549
7 219
486 45,141
514 31,508
371 64,808
3,323 283,852
1,230 167,517
2,702 330,227
27 44,841
1,384 275,052
0 652
0 1,223
8 227
667 72,766
525 59,722
1 215
6,328 190,670
16 1,024
773 98,395
51 2,650
39 3,606
0 42
0 97
462 57,387
0 34
3 76
0 108
0 52
0 153
4 220
3,020 228,414
65 4,475
56 45,177
87 75,274
57 59,467
70 49,845
0 61
2 98
2 257
11 1,269
2 179
15 1,496
4 227
3 146
4 360
8 1,244
4 291
0 198
4 329
4 752
2 858
120 67,222
49 31,799
10 16,745
0 8,740
4 431
3 430
3 1,730
1 698
- -
- -
- -
309 53,142
- -
- -
4 1,109
0 329
6 931
7 1,696
3 348
1 643
3 1,071
822 122,804
30 3,377
7 971
544 56,832
1,129 184,533
390 75,826
5 140
4 82
3 65
15 594
0 22
3 52
1 74
7 208
0 18
1 97
0 50
- -
0 78
0 54
8 782
8 356
22 1,019
1 104
0 78
1 72
145 56,106
50 20,800
528 110,040
2 7,336
159 40,563
52 31,780
5 44,270
841 66,693
418 125,460
3,971 318,800
283 43,378
78 12,298
34 4,062
442 73,219
815 80,828
81 114,854
109 7,539
47 10,293
172 68,389
12 1,986
2,706 244,441
10 1,387
10,002 1,159,244
95 12,412
763 49,306
256 60,384
189 58,354
13 13,513
41 42,009
615 76,340
257 47,682
20 20,057
1 323
0 31
6 317
0 117
10 1,631
0 88
0 105
0 101
0 195
0 103
8 332
0 110
0 149
1 324
8 1,016
4 846
5 389
2 399
5 364
0 297
1,583 149,916
325 46,245
662 71,242
460 75,599
0 456
125 39,125
15 19,867
- -
1 63
13 1,336
0 42
2 98
0 147
8 164
1 91
6 554
9 343
10 508
2 123
1 413
3 173
1 66
9 225
1 109
2 280
1 135
4 176
3 165
33 3,328
6 1,808
4 1,852
2 1,389
2 577
35 2,391
54 4,746
3 91
14 176
0 89
1 84
16 2,592
3 204
1 106
1 157
0 177
1 144
1 90
41 3,208
4 5,657
5 15,077
23 38,649
0 8,112
11 467
2 180
1 101
178 12,184
5 127
7 271
2 71
1 103
3 143
4 224
3 121
2 142
3 138
1 111
19 637
2 161
1 78
1 118
6 587
2 174
433 49,714
30 1,640
107 10,457
0 721
61 44,400
3 76
2 90
2 69
5 207
3 208
1 87
11 277
9 232
5 113
50 3,927
5 161
2 112
2 125
4 164
4 118
14 944
4 158
4 123
1 119
10 250
0 6,889
16 691
42 7,506
0 76
7 1,748
5 315
1 112
0 113
7 343
1 314
7 360
6 326
8 476
44 4,251
71 8,146
0 98
2 791
23 3,379
3 571
11 1,605
0 149
1 1,163
1 2,994
- -
3 7,171
10 263
13 474
26 5,018
6 168
899 87,739
0 29
1 95
3 1,119
2 136
4 174
1 187
1,604 220,650
1 170
3 237
1,465 229,853
14 2,294
7 637
0 213
14 956
2 325
134 80,120
- -
3 3,311
246 26,470
23 5,025
1 60
2 159
2 112
1,221 79,061
5 628
7 689
34 8,840
3 649
3 487
12 81
1 220
1 102
1 108
1 221
7 153
2 164
0 87
2 114
0 6,423
33 7,743
1,360 139,962
4 293
166 23,220
5 1,075
28 5,627
7 2,030
154 23,249
331 18,182
1 103
0 64
0 141
- -
6 541
0 305
0 99
0 398
0 199
0 381
78 9,559
- -
6 901
- -
- -
1 86
3 353
5 164
3 122
8 355
0 111
8 365
9 417
4 293
1 167
1 196
6 357
1 229
3 335
2 351
1 170
ENGINE STOPPED
